OPERATOR_KEY=302e020100300506032b657004220420c22f6ec83cecee9fc031e624bc3e93a53533f381d7cbf37bb36fa98efb2d5c6d
OPERATOR_ID=0.0.147555
TOPIC_ID=0.0.194818
